Frames = 2048
Left Channel Normals:
Total Elements = 2050
[
-0.00913756 -0.0193171 -0.0228439 -0.00873679 -0.0040077 0.00617186 0.0157903 0.00809556 0.00961848 0.00456878 0.0147483 
0.0048894 -0.00553063 0.00392755 -0.00224431 -0.00985894 -0.00464893 -0.00272524 -0.00256493 -0.00200385 -0.00881694 
-0.00833602 -0.00352678 -0.00881694 -0.00657263 -0.00585124 -0.0088971 -0.0050497 0.00328631 0.0128246 0.0102597 
0.0181148 0.00240462 -0.00336647 0.00649248 0.00545047 -0.00625201 -0.000961848 -0.00881694 -0.0255691 -0.0102597 
-0.00665278 0.00168323 0.00176339 0.0029657 0.00472909 -0.00344662 -0.002084 -0.002084 -0.00496955 -0.00168323 
-0.0176339 -0.00737417 0.00961848 0.0154697 0.0250081 0.00665278 -0.00665278 -0.0194774 -0.0209202 -0.013546 
-0.00865663 0.00753448 0.0129048 0.0161911 0.0290158 0.0344662 0.0099391 -0.01042 -0.0222828 -0.0344662 
-0.0355082 -0.0277333 0.00649248 0.0196377 0.022363 0.0226836 0.0149888 0.019237 0.00793525 -0.00857648 
-0.0178743 -0.0186759 -0.014588 -0.0205996 -0.00617186 0.00184354 -0.0029657 0.0137063 0.0189163 0.0209202 
0.018756 0.0201988 0.00456878 -0.0162713 -0.0325425 -0.0458481 -0.0259699 -0.0163514 0.00304585 0.015069 
0.0298974 0.0460886 0.0315005 0.014588 0.000480924 -0.0141873 -0.022924 -0.0262905 -0.0109009 0.00304585 
0.00304585 0.0059314 0.00537032 0.00577109 -0.00392755 -0.0069734 0.00456878 0.00777494 -0.0109811 -0.00617186 
-0.00833602 -0.00785509 0.00352678 -0.00256493 0.00424816 0.0080154 0.0161911 0.0214011 0.0193171 0.0169927 
-0.0090574 -0.0207599 -0.0190767 -0.0238057 -0.0235653 -0.0212408 0.00617186 -0.00168323 0.00512986 0.0188362 
0.0165117 0.0184354 -0.00240462 -0.00873679 -0.0019237 -0.00320616 -0.0100994 -0.016672 -0.00673294 -0.00136262 
0.00304585 0.0105002 0.00553063 0.00496955 -0.00416801 -0.0155499 -0.0116223 0.00272524 -0.0080154 0.0113017 
0.0143476 0.0180347 0.00793525 -0.00825586 -0.00200385 -0.0238057 -0.018195 -0.0141071 -0.00480924 0.012504 
0.0124239 0.0113017 0.00793525 -0.00320616 -0.011462 -0.0222828 -0.00040077 -0.0040077 0.00456878 0.0117025 
0.015069 0.01563 -0.00232447 -0.00865663 -0.0149888 0.00416801 -0.0048894 -0.00352678 -0.00136262 -0.00673294 
0.00040077 0.0069734 0.00496955 -8.0154e-05 0 0.0106605 0.00817571 0.0183553 0.00913756 -0.0105002 
-0.00833602 -0.0159506 -0.018756 -0.0113017 0.0149888 0.0172331 0.0172331 0.0164316 0.0255691 0.0211607 
0.00969864 -8.0154e-05 -0.0297371 -0.0370312 -0.0294967 -0.017153 0.00304585 0.000881694 0.00793525 0.0157903 
0.0239661 0.0193973 -0.00841617 0.00793525 -0.013546 -0.0101796 -0.00360693 0.000320616 0.0159506 0.0214813 
0.0242867 0.00288554 0.00440847 0.01042 0.00512986 -0.00320616 -0.0125842 -0.0199584 -0.0154697 -0.0169927 
-0.000961848 -0.000240462 -0.000320616 0.00368708 0.00585124 0.00705355 0.0228439 0.00897725 0.00368708 -0.00464893 
-0.0266111 -0.0159506 -0.0233248 -0.00537032 0.000561078 0.00913756 0.0233248 0.0340655 0.0246874 0.0130651 
-0.00737417 -0.0107406 -0.0343861 -0.0260501 -0.00040077 -0.000160308 0.00448862 0.00641232 0.00953833 -0.00472909 
-0.001042 -0.0115422 0.00665278 -0.00448862 0.0155499 0.00809556 -0.00360693 0.00945817 0.0019237 -0.00729402 
-0.00545047 -0.00328631 -0.00777494 -0.00496955 -0.015069 -0.0144277 -0.0195576 0.0129048 0.020279 0.0240462 
0.0301379 0.0320616 0.00144277 -0.00240462 -0.0241264 -0.0262104 -0.0214011 -0.0277333 0.0105803 0.00649248 
0.0195576 0.0048894 0.00304585 0.00384739 -0.00881694 -0.00512986 0.00969864 -0.0124239 -0.000641232 -0.0128246 
-0.0110613 -0.00553063 -0.00729402 0.00625201 0.0101796 0.0195576 0.0145079 0.0149086 -0.00272524 -0.0110613 
-0.0427221 -0.0211607 -0.0157903 -0.000641232 0.0193973 0.0302181 0.0322219 0.0339853 0.0169927 -0.013546 
-0.0207599 -0.0295768 -0.0239661 -0.0310196 -0.00897725 -0.00456878 0.00897725 0.00937802 0.0123437 0.001042 
0.0133056 -0.00448862 -0.00256493 0.0148285 0.00040077 0.0116223 -0.00280539 0.00160308 -0.00809556 -0.0115422 
0.00376724 -0.00160308 -0.00112216 0.0115422 -0.0138666 0.0048894 0.0099391 0.00641232 0.00304585 0.000641232 
-0.00745432 -0.0155499 -0.00336647 -0.00929787 -0.00432832 -0.00176339 0.0088971 0.00464893 0.00961848 0.00753448 
0.0117826 0.00200385 0.00080154 -0.0124239 -0.00841617 -0.000480924 -0.00689325 0.00232447 -0.00216416 0.00120231 
-0.00633217 -0.000561078 0.0142674 0.0029657 0.00360693 0.0235653 -0.00144277 -0.0142674 -0.0388747 -0.0257294 
-0.0146682 -0.00368708 0.0321418 0.0199584 0.0302982 0.0460084 0.019798 -0.000641232 -0.0292562 -0.0310196 
-0.0224431 -0.0456076 0.01042 0.0123437 0.0169125 0.0306188 0.00793525 0.00921771 0.00537032 0.00256493 
0.00865663 -0.0100193 -0.0149888 -0.0121834 -0.0241264 0.00240462 -0.0149086 -0.00577109 0.0169927 0.0323021 
0.0405579 0.0210004 -0.00432832 -0.00448862 -0.0268516 -0.0204393 -0.00617186 -0.0200385 -0.00665278 0.00432832 
0.0161911 -0.00264508 -0.00264508 0.0149888 0.00224431 -0.0281341 -0.00152293 -0.0112216 -0.00184354 0.014027 
-0.00168323 -0.00761463 -0.000160308 0.012504 0.0165117 0.0102597 -0.001042 -0.00176339 -0.032783 -0.00745432 
-0.0241264 -0.0262104 0.000160308 0.00961848 0.0342258 0.0305387 0.0258897 0.0318211 -0.00264508 -0.0109009 
-0.0191568 -0.0333441 -0.0165117 -0.0158705 0.016111 0.0113017 0.00280539 0.0129048 0.0137063 -0.00729402 
-0.00569094 -0.0180347 -0.0088971 0 0.00240462 -0.00040077 -0.016672 0.00200385 0.00609171 0.00721386 
0.0109009 0.00913756 -0.000881694 0.0105002 -0.0120231 -0.00128246 -0.00440847 -0.0141071 -0.00344662 0.00448862 
-0.00312601 0.012504 0.0247676 0.00913756 0.00368708 -0.0211607 -0.011462 -0.00424816 -0.000240462 -0.00961848 
-0.029657 -0.0173133 0.00873679 0.00216416 0.0259699 0.0105803 0.0193171 0.0115422 -0.012504 -0.00729402 
-0.0228439 -0.0141071 -0.00561078 0.00737417 0.00416801 0.0108208 0.0116223 0.0230042 -0.00376724 -0.00841617 
0.000561078 0.0134659 0.0259699 0.00705355 -0.000320616 -0.00496955 -0.0109009 -0.00424816 -0.00432832 -0.00641232 
0.00833602 0.00729402 0.020279 0.00625201 -0.00464893 -0.0249279 -0.0149086 -0.0217217 -0.0149086 0.00833602 
0.0201988 0.0318211 0.0121033 0.00120231 -0.00649248 -0.0080154 -0.00897725 -0.00873679 -0.0176339 0.00537032 
-0.0113819 0.0254088 0.00649248 -0.00264508 0.017153 -0.00793525 0.00681309 -0.00448862 -0.00769479 -0.00985894 
-0.0191568 -0.0149086 -0.013546 -0.0243668 0.0109009 -0.002084 0.00753448 0.0134659 0.00376724 0.0111414 
-0.0069734 -0.017714 0.00705355 0.000320616 -0.00272524 0 0.00360693 0.00480924 -0.0258897 0.00841617 
0.00184354 0.00432832 0.0165117 -0.000721386 -0.00200385 0.0146682 -0.0050497 -0.0232447 -0.0155499 -0.00529017 
0.00753448 0.00577109 0.0344662 0.028615 0.00649248 0.00849633 0.00585124 -0.0185957 -0.00440847 -0.00833602 
0.00496955 0.00184354 -0.0133056 0.00833602 -0.00312601 0.00464893 0.00344662 -0.0154697 -0.00809556 -0.00200385 
-0.00432832 -0.0191568 -0.0222828 0.0090574 -0.00689325 0.00280539 0.0438442 0.0323822 0.0351075 0.0468099 
0.0048894 -0.0120231 -0.0351075 -0.0407182 -0.0313402 -0.0255691 0.0188362 -0.00521001 0.0292562 0.0441649 
0.0105803 0.00649248 -0.00689325 -0.00152293 -0.0141873 -0.0319815 -0.0240462 -0.0298173 -0.00713371 0.00529017 
0.00657263 0.0252485 0.0301379 0.0437641 0.0259699 -0.00128246 -0.040077 -0.0288554 -0.0173133 -0.00977879 
0.00753448 0.0250882 0.0561078 0.0589934 0.0233248 -0.013546 -0.0232447 -0.0259699 -0.0396762 -0.0427221 
-0.0106605 -0.00721386 -0.0110613 0.0100193 0.00553063 -0.00737417 0.0142674 0.0121033 0.0186759 0.0184354 
-0.00168323 -0.0102597 -0.0226034 -0.0189163 -0.0359892 -0.0170728 0.02084 0.0169927 0.0424816 0.0379128 
0.0108208 0.00384739 -0.0138666 -0.0143476 -0.0320616 -0.0288554 -0.0254088 -0.0040077 0.0184354 0.00649248 
0.00272524 0.00745432 0.0177942 -0.00288554 -0.00336647 -0.0197179 -0.0157102 -0.00144277 -0.0314204 -0.0336647 
0.0149086 0.0283745 0.0284547 0.0428022 0.0273325 0.00545047 -0.00657263 -0.0040077 -0.0313402 -0.0395961 
-0.0294967 -0.0153896 0.0125842 0.0389549 0.0222828 0.018756 0.0148285 -0.00977879 -0.0294967 -0.0312601 
-0.00040077 0.000561078 -0.00272524 0.0059314 0.00352678 0.0132254 0.00817571 -0.0147483 0.0029657 -0.00424816 
0.0185957 0.0193973 -0.00673294 -0.0209202 -0.0282944 -0.0287753 -0.0261302 -0.00136262 0.0163514 0.0367105 
0.0355082 0.0410389 0.00328631 -0.0048894 -0.0260501 -0.0521001 -0.0288554 -0.00264508 0.018756 0.0262905 
0.0334242 0.0250081 0.012504 0.001042 -0.0199584 -0.0228439 0.000480924 -0.00609171 -0.00825586 -0.0116223 
0.0255691 0.0059314 -0.00496955 -0.00577109 -0.00328631 0.0220424 -0.00849633 0.00112216 0.00601155 0.00184354 
-0.00961848 -0.0195576 -0.011462 -0.01042 0.00625201 0.0310196 -0.0048894 0.0323822 0.0251684 0.00857648 
0.0283745 0.00416801 -0.0048894 -0.0222828 -0.0222828 -0.0293364 -0.0357487 -0.00713371 0.0185957 -0.0125842 
0.0196377 0.0153094 -0.0110613 -0.00937802 -0.0178743 -0.00681309 -0.00777494 -0.00432832 0.00865663 0.0109009 
0.0276531 0.0319815 0.0109009 0.0154697 -0.00472909 -0.000480924 0.00144277 0.00601155 0.00152293 0.00384739 
-0.0217217 -0.0297371 -0.00496955 -0.00200385 0.00472909 -0.00216416 0.0110613 0.00336647 0.00144277 0.0122636 
-0.00945817 -0.0306188 -0.024447 -0.0370312 8.0154e-05 0.0364701 0.022363 0.0279738 0.0319013 0.011462 
-0.00817571 -0.0119429 -0.0127445 -0.0101796 -0.0121033 -0.0019237 -0.0185957 -0.0106605 -0.0214011 -0.0252485 
0.00809556 -0.00617186 0.00176339 0.0282142 0.0204393 0.0155499 -0.00136262 -0.00112216 -0.002084 -0.00320616 
0.00633217 -0.00713371 0.00128246 0.00785509 -0.00521001 -0.000320616 -0.00256493 -0.0264508 -0.0117826 0.00753448 
-0.0099391 -0.00376724 0.00753448 -0.016111 -0.00681309 -0.00729402 -0.000721386 0.00705355 0.0168323 0.018756 
0.00641232 0.0126643 0.00537032 -0.00601155 0.00432832 -0.00136262 0.00408785 0.0301379 0.00793525 0.0147483 
0.00721386 -0.0099391 -0.00521001 -0.0218019 -0.0124239 -0.00376724 -0.0152293 -0.00248477 -0.00913756 -0.0222027 
-0.0242065 -0.0512986 -0.00625201 0.0160308 0.00224431 0.024447 0.0375922 0.0342258 0.0147483 0.0179545 
0.0116223 -0.00128246 -0.00657263 -0.0019237 -0.0193973 -0.00777494 -0.00216416 -0.00288554 0.000480924 -0.00472909 
-0.0178743 0.00120231 0.00184354 -0.00873679 -0.00440847 -0.0218019 0.00705355 -0.0242867 -0.0126643 0.0117826 
0.00929787 0.0199584 0.015069 0.0149888 0.0252485 -0.0201988 0.0110613 0.00897725 -0.0183553 0.0233248 
-0.00745432 0.0141071 0.00344662 0.0151491 0.019798 -0.020279 -0.00040077 0.00569094 -0.0343059 -0.0110613 
-0.00569094 -0.00176339 -0.0105803 -0.0100994 0.00448862 -0.00472909 0.00849633 0.0059314 -0.00424816 -0.016672 
0.00897725 -0.00216416 0.0203591 0.00561078 -0.00040077 0.0105803 -0.00232447 0.00320616 -0.018195 -0.0336647 
0.00569094 0.0130651 -0.00817571 -0.000240462 0.00817571 0.0282944 -0.0190767 -0.00913756 -0.0102597 -0.0289356 
-0.0134659 0.00953833 0.00168323 0.00657263 0.0266913 0.0191568 0.00913756 0.012504 0.0138666 -0.00112216 
0.013546 0.0143476 -0.00873679 -0.0158705 -0.00432832 -0.0222027 -8.0154e-05 -0.0251684 -0.0144277 0.0143476 
-0.000881694 0.0210805 0.0212408 -0.00689325 0.0164316 0.0225233 -0.0105002 -0.0173133 -0.00368708 0.0115422 
-0.00320616 0.0294967 -8.0154e-05 -0.0162713 0.0149888 0.0132254 -0.0121033 -0.014027 0.0217217 0.0040077 
-0.011462 0.00352678 0.00264508 0.00080154 0.00352678 -0.0186759 -0.0100994 -0.00288554 -0.00825586 -0.00553063 
-0.00184354 -0.0117025 -0.0326227 -0.0169927 0.0099391 0.00985894 0.0191568 0.0239661 0.0242867 0.0372716 
0.00625201 0.00873679 0.00657263 -0.0164316 -0.0266111 -0.0242867 0.00184354 0.00184354 0.015069 0.0257294 
0.000320616 -0.0105002 -0.0113819 0.0019237 -0.00432832 -0.00617186 -0.01042 -0.0230042 0.0119429 0.0191568 
-0.00392755 -0.0080154 0.0102597 -0.00625201 -0.00713371 0.0109009 0.0147483 0.0153094 0.0185156 0.000881694 
-0.0117826 -0.000480924 0.00609171 -0.0019237 -0.0105002 0.00633217 -0.0122636 -0.0121033 -0.0048894 -0.024447 
-0.0258897 -0.0210004 -0.00248477 0.0284547 -0.00360693 0.0162713 0.0164316 -0.00969864 -0.0247676 -0.0233248 
-0.00240462 -0.0178743 -0.00857648 0.0258096 0.00464893 0.0138666 0.0268516 -0.0232447 0.01042 -0.00328631 
-0.0194774 -0.0137865 0.00689325 -0.00328631 -0.0119429 0.0103399 0.0334242 0.029657 0.0199584 0.00561078 
-0.015069 0.0173934 -0.0182751 -0.017153 -0.016672 -0.0248477 -0.00336647 -0.000961848 -0.00440847 0.00897725 
0.0335845 0.0116223 0.00112216 0.0294165 -0.00272524 -0.0258096 -0.00424816 -0.0383136 -0.0626804 -0.0268516 
0.0220424 0.0107406 0.0351876 0.0492947 0.0230844 0.0145079 0.017714 -0.0154697 -0.0331036 -0.0245271 
-0.0134659 -0.00320616 0.00873679 0.0347067 -0.0137865 -0.00569094 -0.00729402 -0.0170728 -0.00657263 -0.0262104 
-0.00761463 -0.0100193 -0.0246874 0.0337448 0.0444855 0.0236454 0.00537032 0.0195576 -0.00040077 -0.0165117 
0.0100193 -0.0251684 -0.0237256 -0.023405 -0.0029657 -0.00280539 0.0257294 0.0457679 0.000160308 -0.00168323 
0.0325425 -0.00464893 -0.0128246 -0.000160308 0.00248477 -0.0292562 -0.0261302 0.0221225 -0.002084 0.0237256 
0.0472107 0.000641232 -0.0199584 0.00184354 -0.0341456 -0.0333441 -0.0297371 -0.022363 -0.00649248 0.0354281 
0.0419206 0.0343861 0.0217217 0.0112216 -0.0210004 -0.00649248 -0.0144277 -0.0364701 0.00873679 -0.0451267 
-0.0118628 0.01042 0.0199584 0.0162713 0.033825 0.0179545 -0.0129048 0.0069734 0.0189163 -0.0290959 
-0.0342258 8.0154e-05 -0.0406381 -0.0115422 0.0221225 -0.0069734 0.00136262 0.0298173 0.00440847 0.0141873 
-0.0113017 -0.00569094 -0.0176339 -0.0145079 0.00368708 -0.00352678 0.00537032 0.0124239 0.0222828 0.0194774 
0.0141873 -0.0193171 0.014027 -0.0245271 -0.020279 -0.000961848 -0.0355082 0.00825586 0.00881694 -0.00585124 
0.00745432 0.0146682 0.0246874 -0.0116223 -0.017153 0.011462 -0.0331838 0.0200385 0.0186759 -0.0149086 
0.0211607 0.00200385 0.0163514 0.02084 -0.00384739 -8.0154e-05 -0.0102597 -0.0124239 -0.0216416 -0.0478519 
8.0154e-05 -0.00184354 -0.0115422 0.0115422 -0.00713371 0.017714 0.0363899 0.00336647 0.0295768 -0.00176339 
0.00529017 0.00160308 -0.00224431 0.0189163 -0.0249279 0.0146682 0.00521001 0.0048894 0.000160308 0.00825586 
-0.0157903 -0.0103399 0.00464893 -0.0321418 -0.00865663 -0.0069734 -0.0133056 0.00336647 -0.00561078 0.0270921 
0.00352678 0.0127445 0.0227637 -0.0220424 0.00408785 -0.015069 -0.00529017 -0.0121033 0.00040077 0.00472909 
0.014588 0.0318211 0.0101796 -0.0113819 0.0246874 0.014027 0.0090574 -0.020279 -0.0259699 -0.00512986 
-0.0332639 -0.00945817 -0.0225233 -0.00392755 -0.0138666 0.00561078 0.0259699 0.0263707 0.00184354 0.0191568 
0.00248477 -0.0102597 0.00609171 -0.00825586 0.0029657 0.00512986 0.00368708 -0.0059314 0.00160308 0.0329433 
0.00136262 -0.0134659 0.0289356 -0.0161911 0.00769479 -0.000160308 -0.000881694 -0.0182751 -0.00392755 -0.0170728 
-0.0107406 0.000641232 -0.000961848 0.00977879 -0.00953833 0.00264508 -0.0169125 0.0185957 -0.00248477 0.0117826 
0.0252485 -0.0112216 -0.0343059 0.0462489 -0.000961848 -0.00777494 0.0238057 0.0152293 -0.00977879 -0.0129048 
-0.00128246 -0.0437641 -0.00561078 -0.00529017 -0.0173934 -0.0284547 0.0441649 -0.0125842 0.019237 0.0256493 
-0.00368708 0.0048894 0.0120231 0.00769479 -0.0238859 -0.00945817 0.0050497 0.0115422 -0.0235653 0.00657263 
-0.00777494 0.0324624 0.000160308 -0.0124239 0.00144277 -0.00737417 -0.0173133 -0.00985894 -0.00585124 -0.00232447 
0.0112216 -0.00376724 0.0137063 -0.00472909 0.0271722 -0.0117826 -0.0158705 0.0141071 0.00376724 0.00665278 
0.0128246 -0.0019237 0.0109811 0.011462 0.01563 -0.0270921 -0.0226836 0.0239661 -0.0324624 0.00881694 
-0.00953833 -0.001042 -0.0241264 -0.0121834 -0.0133857 -0.0351876 -0.00392755 0.0124239 0.0133056 0.0142674 
0.0288554 0.0134659 0.019237 -0.0201988 0.00288554 -0.00152293 -0.00392755 -0.00240462 0.0199584 0.00256493 
0.017153 0.0105002 -0.0120231 -0.0250882 -0.00352678 -0.00120231 -0.0113819 0.0371113 -0.0167522 -0.0220424 
-0.0122636 0.011462 -0.0109009 -0.00793525 0.00577109 0.0105803 0.00641232 0.0142674 -0.00913756 -0.00432832 
0.0263707 0.0176339 -0.000480924 0.0310196 0.01042 0.0059314 0.017153 -0.0302181 0.0048894 -0.053623 
-0.00729402 -0.0147483 -0.00929787 0.056749 -0.00753448 0.00809556 0.00440847 -0.0268516 -0.00160308 -0.0250882 
-0.000160308 0.00272524 -0.0100193 0.0138666 0.0278134 0.0185156 -0.00969864 -0.00913756 -0.0113017 0.00168323 
-0.0180347 0.0339853 -0.0191568 -0.0182751 0.0176339 -0.0206797 -0.00456878 -0.0144277 -0.00929787 0.0264508 
0.0165117 0.0019237 -0.0179545 -0.0200385 0.0300578 -0.0201988 -0.014588 -0.00472909 0.00929787 0.0137063 
0.0176339 0.00272524 0.0277333 0.00040077 -0.001042 0.0242065 -0.00777494 0.00913756 -0.0116223 -0.0462489 
-0.0500161 -0.0332639 -0.0426419 -0.0206797 -0.0242867 0.0545047 0.0232447 0.0518596 0.0659668 0.00480924 
-0.0242867 -0.0151491 -0.0110613 -0.0131453 0.00945817 0.00176339 0.0239661 -0.0116223 0.0397564 -0.0210805 
-0.0123437 -0.0169927 -0.0340655 0.0139468 0.0152293 0.0227637 -0.0258897 -0.0485733 -0.0133857 -0.0373518 
-0.033825 0.00729402 0.0266913 0.0698943 0.0302982 0.0132254 0.000641232 -0.0186759 -0.0565086 -0.0181148 
-0.0278134 -0.00232447 0.0529017 0.0581918 0.0361495 0.0254088 0.00785509 -0.0291761 -0.0100193 -0.0389549 
-0.0262905 -0.00408785 0.0469703 -0.00440847 -0.0321418 0.00184354 -0.0158705 -0.0136262 -0.0050497 -0.0372716 
0.0238859 0.0365502 -0.00496955 -0.00264508 -0.00585124 0.0160308 -0.0141873 0.0221225 0.0169125 0.0143476 
0.0188362 0.0173934 -0.00368708 0.00985894 0.00256493 -0.00825586 -0.00288554 0.00456878 -0.000561078 0.0214011 
0.0243668 -0.00825586 0.00416801 -0.0318211 -0.00537032 -0.0403976 0.00168323 -0.0163514 -0.0314204 0.0152293 
-0.0228439 -0.00288554 0.0507375 0.0283745 0.00112216 0.00136262 -0.0099391 -0.00184354 -0.0474512 0.00320616 
0.0464893 -0.00601155 0.0245271 0.0346265 -0.00641232 0.0273325 -0.0335845 -0.012985 -0.00737417 -0.0185957 
0.00881694 -0.0347067 0.0222027 0.00288554 -0.0416801 -0.0116223 -0.0121033 -0.0239661 0.0179545 -0.019798 
0.0232447 0.0154697 -0.0182751 0.0144277 -0.0197179 0.00336647 0.0464092 0.0109811 0.0190767 0.0235653 
-0.0080154 0.00304585 -0.0484932 -0.00841617 -0.0226034 -0.00248477 0.0245271 0.00857648 0.017714 0.00512986 
-0.00336647 -0.0176339 -0.0427221 -0.00545047 -0.0214011 -0.0069734 0.00585124 0.0200385 0.0198782 0.00777494 
0.0374319 -0.0303784 0.0387144 -0.0278134 -0.00136262 -0.00865663 -0.0298974 0.00945817 -0.0330235 0.00945817 
0.0540238 0.0294165 0.00729402 -0.0165117 0.0142674 0.00288554 -0.0408785 0.00336647 -0.0136262 0.0129048 
-0.00865663 0.0365502 0.0236454 0.0242065 0.0147483 -0.00969864 -0.039035 -0.00977879 -0.0178743 -0.00561078 
-0.00320616 -0.00825586 0.0214011 -0.00496955 0.0459283 0.0228439 0.02084 0.0245271 0.0159506 -0.0638026 
-0.0251684 -0.0337448 -0.0339051 -0.0523406 0.0408785 0.0436038 0.0259699 0.0860854 0.0121033 0.0245271 
-8.0154e-05 0.00360693 -0.0609972 -0.00176339 -0.0174736 -0.0145079 0.00649248 0.0168323 -0.0225233 0.000320616 
0.00529017 -0.0050497 0.0200385 0.000881694 -0.0460886 -0.0617186 0.00216416 -0.066608 0.00248477 0.0243668 
0.0660469 0.0136262 0.0483329 0.0214011 0.0139468 0.0125842 -0.0445656 -0.0762265 -0.0413595 0.0120231 
-0.00873679 0.0564284 0.023405 0.0365502 0.00809556 0.0238859 -0.0413595 -0.00945817 -0.0491344 -0.0240462 
-0.0718982 -0.0378327 0.00144277 0.00264508 0.0476115 0.0113819 0.0319013 0.0392755 0.0658866 -0.00929787 
0.00264508 -0.0613178 -0.0153094 -0.0591537 0.0305387 0.00729402 -0.023405 0.0335044 0.046329 0.0212408 
-0.0029657 0.002084 -0.0167522 -0.0375121 -0.0638828 -0.002084 -0.0659668 0.0389549 0.0169927 0.011462 
0.00945817 0.0788716 0.0538635 -0.00689325 -0.00601155 -0.0485733 -0.0459283 -0.0441649 -0.0285348 0.0133056 
-0.00128246 0.0321418 0.0943413 -0.025489 0.0522604 -0.0452069 -0.0270119 -0.0388747 -0.0342258 0.00424816 
-0.029657 0.0242065 0.0379128 0.00144277 -0.00633217 0.0589132 0.000160308 0.0241264 0.0125842 0.0331036 
-0.02084 -0.022363 -0.027573 -0.0218019 -0.0411992 0.0222027 0.0429626 0.0245271 0.0430427 -0.00865663 
0.0172331 -0.0477718 -0.0281341 -0.0407984 -0.0440046 -0.00464893 0.0298974 -0.00136262 0.0459283 0.022363 
0.0198782 0.0137063 -0.00977879 0.0172331 -0.0217217 -0.00809556 0.0148285 -0.00160308 -0.0120231 0.0295768 
0.000240462 0.0564284 -0.0146682 0.0335044 -0.00392755 -0.0757455 -0.00248477 -0.059314 -0.0646843 -0.0113819 
-0.0278134 0.0131453 0.0392755 0.0325425 0.0649248 -0.0101796 0.0280539 -0.0306188 -0.0402373 0.0107406 
0.0069734 0.0144277 0.0617186 -0.0197179 0.0124239 0.0274127 -0.0292562 0.00537032 -0.0431229 -0.00689325 
-0.0206797 -0.00456878 0.0120231 -0.0103399 0.0108208 0.0059314 -0.0342258 0.0426419 -0.00248477 0.00929787 
-0.0169125 -0.00929787 -0.0617987 -0.0322219 0.0430427 0.00480924 0.053062 0.0241264 0.0627606 0.0291761 
0.0472909 -0.0184354 -0.0521803 -0.0508978 -0.0335044 -0.0482527 0.0311799 0.00785509 0.00312601 0.00384739 
-0.00224431 0.00721386 -0.0658866 0.039035 -0.0392755 -0.0315807 0.0151491 0.016672 0.0113819 0.0816769 
0.042161 0.022363 -0.0105002 0.00745432 -0.0119429 -0.0877686 -0.012985 -0.0695737 -0.0200385 -0.00729402 
0.0185957 0.0238057 0.0592338 0.0199584 -0.00537032 0.00336647 0.0112216 0.00288554 -0.0250081 -0.0122636 
-0.00384739 0.00721386 -0.0351075 0.0141071 -0.00753448 0.0436839 0.000320616 0.0415198 0.0117025 -0.0335044 
0.0184354 -0.0301379 -0.0678905 -0.00248477 0.0234851 0.0210004 0.0181148 0.0169125 0.0584323 -0.0474512 
-0.00480924 -0.0673294 -0.0682912 -0.0165117 -0.00512986 0.0117826 0.0383938 0.0549857 0.0470504 0.0133857 
0.0287753 0.0363098 -0.0438442 -0.0158705 -0.00216416 -0.0362296 -0.0252485 -0.0197179 -0.00825586 0.0377525 
-0.002084 0.0518596 -0.000160308 -0.0196377 0.014588 -0.0561078 -0.0877686 -0.0216416 -0.00785509 0.0325425 
0.0302982 0.0612377 0.0729402 -0.0142674 0.0419206 -0.0280539 -0.0612377 -0.0416801 -0.0149086 -0.0259699 
0.0147483 0.0173133 0.0618789 0.0173133 0.00344662 0.0157903 -0.0408785 0.0161911 -0.0204393 -0.0269317 
-0.0497756 -0.00529017 -0.0334242 0.0157102 0.0231645 0.0717378 0.0412793 0.000320616 0.0633217 -0.0246073 
-0.047371 -0.0411992 -0.0489741 -0.0105803 -0.0155499 -0.00496955 0.0938604 -0.0303784 0.0363098 -0.0219622 
-0.00649248 0.016672 -0.0238057 0.0447259 -0.0195576 0.00665278 0.0137063 -0.024447 -0.016111 0.0427221 
-0.0257294 0.0149888 -0.00232447 0.0118628 -0.0287753 -0.0220424 -0.0484932 -0.0621194 0.0173133 0.0553864 
0.0335044 0.018195 0.0966657 -0.00953833 -0.0105803 -0.0249279 -0.0259699 -0.0395961 -0.0119429 -0.00921771 
-0.000721386 -0.0019237 0.0488138 0.015069 -0.0306188 0.00929787 -0.00945817 0.0249279 -1 
]

****************************************************************************************************

Frames = 2048
Right Channel Normals:
Total Elements = 2050
[
0.00913756 0.0193171 -0.0228439 0.00873679 0.0040077 0.00617186 0.0157903 0.00809556 0.00961848 -0.00456878 -0.0147483 
-0.0048894 -0.00553063 -0.00392755 -0.00224431 0.00985894 -0.00464893 -0.00272524 0.00256493 0.00200385 0.00881694 
-0.00833602 0.00352678 0.00881694 0.00657263 0.00585124 -0.0088971 0.0050497 -0.00328631 -0.0128246 -0.0102597 
0.0181148 0.00240462 -0.00336647 -0.00649248 -0.00545047 -0.00625201 -0.000961848 -0.00881694 -0.0255691 -0.0102597 
0.00665278 0.00168323 0.00176339 0.0029657 -0.00472909 -0.00344662 -0.002084 -0.002084 -0.00496955 -0.00168323 
-0.0176339 -0.00737417 0.00961848 0.0154697 0.0250081 -0.00665278 -0.00665278 -0.0194774 -0.0209202 -0.013546 
-0.00865663 -0.00753448 0.0129048 0.0161911 0.0290158 0.0344662 0.0099391 -0.01042 -0.0222828 -0.0344662 
-0.0355082 -0.0277333 0.00649248 0.0196377 0.022363 0.0226836 0.0149888 0.019237 0.00793525 -0.00857648 
-0.0178743 -0.0186759 -0.014588 -0.0205996 -0.00617186 -0.00184354 -0.0029657 -0.0137063 0.0189163 0.0209202 
0.018756 0.0201988 0.00456878 -0.0162713 -0.0325425 -0.0458481 -0.0259699 -0.0163514 0.00304585 0.015069 
0.0298974 0.0460886 0.0315005 0.014588 -0.000480924 -0.0141873 -0.022924 -0.0262905 -0.0109009 -0.00304585 
-0.00304585 0.0059314 -0.00537032 -0.00577109 -0.00392755 -0.0069734 0.00456878 0.00777494 0.0109811 0.00617186 
-0.00833602 -0.00785509 -0.00352678 -0.00256493 -0.00424816 -0.0080154 0.0161911 0.0214011 0.0193171 0.0169927 
-0.0090574 -0.0207599 -0.0190767 -0.0238057 -0.0235653 -0.0212408 0.00617186 0.00168323 0.00512986 0.0188362 
0.0165117 0.0184354 -0.00240462 0.00873679 0.0019237 -0.00320616 0.0100994 -0.016672 -0.00673294 -0.00136262 
-0.00304585 0.0105002 -0.00553063 0.00496955 0.00416801 -0.0155499 -0.0116223 0.00272524 0.0080154 0.0113017 
0.0143476 0.0180347 -0.00793525 -0.00825586 -0.00200385 0.0238057 0.018195 0.0141071 0.00480924 0.012504 
0.0124239 0.0113017 0.00793525 0.00320616 -0.011462 -0.0222828 -0.00040077 -0.0040077 0.00456878 -0.0117025 
-0.015069 0.01563 0.00232447 -0.00865663 -0.0149888 0.00416801 -0.0048894 0.00352678 0.00136262 0.00673294 
-0.00040077 0.0069734 0.00496955 -8.0154e-05 -0 0.0106605 -0.00817571 0.0183553 0.00913756 0.0105002 
-0.00833602 -0.0159506 -0.018756 -0.0113017 -0.0149888 0.0172331 0.0172331 0.0164316 0.0255691 0.0211607 
0.00969864 8.0154e-05 -0.0297371 -0.0370312 -0.0294967 -0.017153 -0.00304585 -0.000881694 0.00793525 -0.0157903 
0.0239661 0.0193973 0.00841617 -0.00793525 -0.013546 -0.0101796 -0.00360693 -0.000320616 0.0159506 0.0214813 
0.0242867 0.00288554 0.00440847 0.01042 0.00512986 0.00320616 -0.0125842 -0.0199584 -0.0154697 -0.0169927 
-0.000961848 -0.000240462 -0.000320616 -0.00368708 0.00585124 0.00705355 0.0228439 0.00897725 0.00368708 0.00464893 
-0.0266111 -0.0159506 -0.0233248 -0.00537032 -0.000561078 0.00913756 0.0233248 0.0340655 0.0246874 0.0130651 
-0.00737417 -0.0107406 -0.0343861 -0.0260501 -0.00040077 -0.000160308 0.00448862 -0.00641232 0.00953833 -0.00472909 
0.001042 0.0115422 0.00665278 0.00448862 0.0155499 0.00809556 0.00360693 -0.00945817 0.0019237 -0.00729402 
0.00545047 -0.00328631 -0.00777494 0.00496955 -0.015069 0.0144277 0.0195576 0.0129048 -0.020279 -0.0240462 
0.0301379 0.0320616 -0.00144277 0.00240462 -0.0241264 -0.0262104 -0.0214011 0.0277333 0.0105803 -0.00649248 
0.0195576 0.0048894 0.00304585 0.00384739 0.00881694 0.00512986 0.00969864 -0.0124239 -0.000641232 -0.0128246 
-0.0110613 0.00553063 -0.00729402 0.00625201 0.0101796 0.0195576 -0.0145079 0.0149086 -0.00272524 -0.0110613 
-0.0427221 -0.0211607 -0.0157903 -0.000641232 0.0193973 0.0302181 0.0322219 0.0339853 0.0169927 -0.013546 
0.0207599 -0.0295768 -0.0239661 -0.0310196 -0.00897725 -0.00456878 -0.00897725 0.00937802 0.0123437 0.001042 
0.0133056 -0.00448862 0.00256493 -0.0148285 -0.00040077 -0.0116223 -0.00280539 0.00160308 -0.00809556 -0.0115422 
0.00376724 -0.00160308 0.00112216 0.0115422 0.0138666 0.0048894 0.0099391 0.00641232 -0.00304585 -0.000641232 
-0.00745432 -0.0155499 0.00336647 -0.00929787 0.00432832 -0.00176339 0.0088971 0.00464893 -0.00961848 0.00753448 
-0.0117826 -0.00200385 -0.00080154 -0.0124239 -0.00841617 0.000480924 0.00689325 0.00232447 -0.00216416 0.00120231 
-0.00633217 -0.000561078 0.0142674 0.0029657 0.00360693 0.0235653 -0.00144277 -0.0142674 -0.0388747 -0.0257294 
-0.0146682 -0.00368708 0.0321418 0.0199584 0.0302982 0.0460084 0.019798 -0.000641232 -0.0292562 -0.0310196 
-0.0224431 -0.0456076 0.01042 0.0123437 0.0169125 -0.0306188 0.00793525 0.00921771 -0.00537032 0.00256493 
-0.00865663 -0.0100193 -0.0149888 0.0121834 0.0241264 -0.00240462 -0.0149086 0.00577109 0.0169927 0.0323021 
0.0405579 0.0210004 0.00432832 0.00448862 -0.0268516 -0.0204393 0.00617186 -0.0200385 -0.00665278 -0.00432832 
-0.0161911 0.00264508 0.00264508 0.0149888 0.00224431 -0.0281341 -0.00152293 0.0112216 -0.00184354 -0.014027 
-0.00168323 0.00761463 0.000160308 0.012504 0.0165117 0.0102597 -0.001042 0.00176339 -0.032783 0.00745432 
-0.0241264 -0.0262104 -0.000160308 -0.00961848 0.0342258 0.0305387 0.0258897 0.0318211 0.00264508 -0.0109009 
-0.0191568 -0.0333441 -0.0165117 -0.0158705 -0.016111 -0.0113017 0.00280539 0.0129048 0.0137063 0.00729402 
0.00569094 0.0180347 -0.0088971 0 -0.00240462 -0.00040077 -0.016672 -0.00200385 -0.00609171 0.00721386 
0.0109009 0.00913756 0.000881694 0.0105002 -0.0120231 -0.00128246 0.00440847 -0.0141071 -0.00344662 -0.00448862 
-0.00312601 -0.012504 0.0247676 0.00913756 0.00368708 -0.0211607 0.011462 0.00424816 -0.000240462 -0.00961848 
-0.029657 0.0173133 -0.00873679 -0.00216416 0.0259699 0.0105803 0.0193171 0.0115422 -0.012504 0.00729402 
-0.0228439 0.0141071 -0.00561078 -0.00737417 0.00416801 0.0108208 0.0116223 -0.0230042 0.00376724 0.00841617 
-0.000561078 0.0134659 0.0259699 -0.00705355 -0.000320616 -0.00496955 0.0109009 -0.00424816 0.00432832 0.00641232 
0.00833602 0.00729402 -0.020279 -0.00625201 0.00464893 0.0249279 -0.0149086 -0.0217217 0.0149086 0.00833602 
-0.0201988 0.0318211 0.0121033 0.00120231 -0.00649248 -0.0080154 0.00897725 -0.00873679 -0.0176339 0.00537032 
-0.0113819 0.0254088 0.00649248 0.00264508 0.017153 -0.00793525 -0.00681309 -0.00448862 -0.00769479 0.00985894 
-0.0191568 -0.0149086 -0.013546 0.0243668 0.0109009 0.002084 0.00753448 0.0134659 -0.00376724 0.0111414 
0.0069734 -0.017714 -0.00705355 0.000320616 -0.00272524 -0 0.00360693 -0.00480924 -0.0258897 0.00841617 
0.00184354 -0.00432832 -0.0165117 0.000721386 0.00200385 0.0146682 0.0050497 -0.0232447 -0.0155499 -0.00529017 
0.00753448 0.00577109 -0.0344662 0.028615 0.00649248 -0.00849633 0.00585124 -0.0185957 0.00440847 -0.00833602 
-0.00496955 0.00184354 0.0133056 0.00833602 -0.00312601 -0.00464893 0.00344662 -0.0154697 -0.00809556 -0.00200385 
-0.00432832 -0.0191568 -0.0222828 0.0090574 0.00689325 -0.00280539 0.0438442 0.0323822 0.0351075 0.0468099 
-0.0048894 -0.0120231 -0.0351075 -0.0407182 -0.0313402 -0.0255691 -0.0188362 0.00521001 0.0292562 0.0441649 
0.0105803 -0.00649248 -0.00689325 -0.00152293 -0.0141873 0.0319815 -0.0240462 0.0298173 0.00713371 0.00529017 
0.00657263 0.0252485 0.0301379 0.0437641 -0.0259699 -0.00128246 -0.040077 0.0288554 -0.0173133 -0.00977879 
0.00753448 0.0250882 0.0561078 0.0589934 0.0233248 0.013546 -0.0232447 -0.0259699 -0.0396762 -0.0427221 
0.0106605 -0.00721386 -0.0110613 0.0100193 -0.00553063 0.00737417 0.0142674 0.0121033 0.0186759 -0.0184354 
0.00168323 0.0102597 0.0226034 0.0189163 -0.0359892 -0.0170728 -0.02084 0.0169927 0.0424816 0.0379128 
0.0108208 -0.00384739 -0.0138666 -0.0143476 -0.0320616 -0.0288554 -0.0254088 -0.0040077 0.0184354 0.00649248 
0.00272524 0.00745432 0.0177942 -0.00288554 -0.00336647 0.0197179 -0.0157102 -0.00144277 -0.0314204 -0.0336647 
-0.0149086 -0.0283745 0.0284547 0.0428022 0.0273325 0.00545047 0.00657263 0.0040077 -0.0313402 -0.0395961 
0.0294967 -0.0153896 -0.0125842 -0.0389549 0.0222828 -0.018756 0.0148285 -0.00977879 -0.0294967 -0.0312601 
-0.00040077 0.000561078 -0.00272524 0.0059314 0.00352678 -0.0132254 0.00817571 0.0147483 -0.0029657 0.00424816 
0.0185957 0.0193973 -0.00673294 -0.0209202 0.0282944 -0.0287753 -0.0261302 0.00136262 -0.0163514 0.0367105 
0.0355082 0.0410389 0.00328631 0.0048894 0.0260501 -0.0521001 -0.0288554 0.00264508 0.018756 0.0262905 
0.0334242 -0.0250081 0.012504 -0.001042 -0.0199584 0.0228439 -0.000480924 -0.00609171 -0.00825586 0.0116223 
0.0255691 0.0059314 -0.00496955 -0.00577109 -0.00328631 0.0220424 -0.00849633 0.00112216 0.00601155 -0.00184354 
0.00961848 0.0195576 -0.011462 -0.01042 0.00625201 0.0310196 -0.0048894 0.0323822 0.0251684 0.00857648 
0.0283745 -0.00416801 -0.0048894 -0.0222828 -0.0222828 -0.0293364 -0.0357487 0.00713371 0.0185957 0.0125842 
-0.0196377 -0.0153094 0.0110613 0.00937802 0.0178743 -0.00681309 -0.00777494 0.00432832 0.00865663 0.0109009 
-0.0276531 0.0319815 -0.0109009 -0.0154697 0.00472909 -0.000480924 0.00144277 0.00601155 -0.00152293 -0.00384739 
-0.0217217 0.0297371 0.00496955 -0.00200385 0.00472909 0.00216416 -0.0110613 0.00336647 -0.00144277 0.0122636 
-0.00945817 -0.0306188 -0.024447 -0.0370312 8.0154e-05 0.0364701 -0.022363 0.0279738 -0.0319013 0.011462 
-0.00817571 0.0119429 0.0127445 -0.0101796 -0.0121033 -0.0019237 -0.0185957 -0.0106605 -0.0214011 -0.0252485 
-0.00809556 0.00617186 0.00176339 0.0282142 0.0204393 0.0155499 0.00136262 0.00112216 0.002084 0.00320616 
-0.00633217 -0.00713371 -0.00128246 -0.00785509 -0.00521001 -0.000320616 -0.00256493 -0.0264508 0.0117826 -0.00753448 
-0.0099391 -0.00376724 -0.00753448 -0.016111 -0.00681309 0.00729402 0.000721386 0.00705355 0.0168323 0.018756 
0.00641232 0.0126643 -0.00537032 0.00601155 0.00432832 -0.00136262 -0.00408785 -0.0301379 -0.00793525 0.0147483 
0.00721386 -0.0099391 0.00521001 0.0218019 -0.0124239 -0.00376724 0.0152293 -0.00248477 -0.00913756 -0.0222027 
0.0242065 -0.0512986 0.00625201 0.0160308 -0.00224431 -0.024447 0.0375922 0.0342258 0.0147483 0.0179545 
0.0116223 0.00128246 -0.00657263 -0.0019237 -0.0193973 0.00777494 0.00216416 0.00288554 -0.000480924 0.00472909 
-0.0178743 -0.00120231 -0.00184354 -0.00873679 0.00440847 -0.0218019 0.00705355 0.0242867 0.0126643 0.0117826 
0.00929787 0.0199584 -0.015069 -0.0149888 0.0252485 -0.0201988 0.0110613 0.00897725 -0.0183553 0.0233248 
-0.00745432 -0.0141071 -0.00344662 0.0151491 0.019798 0.020279 -0.00040077 0.00569094 -0.0343059 -0.0110613 
0.00569094 0.00176339 -0.0105803 -0.0100994 0.00448862 0.00472909 -0.00849633 0.0059314 -0.00424816 -0.016672 
0.00897725 -0.00216416 0.0203591 0.00561078 0.00040077 0.0105803 -0.00232447 -0.00320616 -0.018195 -0.0336647 
-0.00569094 0.0130651 -0.00817571 -0.000240462 -0.00817571 0.0282944 0.0190767 -0.00913756 -0.0102597 0.0289356 
0.0134659 0.00953833 -0.00168323 0.00657263 0.0266913 -0.0191568 0.00913756 -0.012504 0.0138666 0.00112216 
-0.013546 0.0143476 0.00873679 -0.0158705 -0.00432832 -0.0222027 8.0154e-05 -0.0251684 0.0144277 0.0143476 
-0.000881694 0.0210805 0.0212408 0.00689325 -0.0164316 0.0225233 -0.0105002 -0.0173133 0.00368708 -0.0115422 
-0.00320616 0.0294967 8.0154e-05 0.0162713 -0.0149888 0.0132254 0.0121033 -0.014027 0.0217217 -0.0040077 
0.011462 -0.00352678 -0.00264508 -0.00080154 0.00352678 -0.0186759 -0.0100994 -0.00288554 -0.00825586 -0.00553063 
-0.00184354 0.0117025 -0.0326227 -0.0169927 -0.0099391 0.00985894 0.0191568 0.0239661 0.0242867 0.0372716 
0.00625201 0.00873679 -0.00657263 -0.0164316 -0.0266111 -0.0242867 -0.00184354 0.00184354 0.015069 -0.0257294 
0.000320616 0.0105002 0.0113819 -0.0019237 -0.00432832 0.00617186 0.01042 0.0230042 0.0119429 -0.0191568 
-0.00392755 -0.0080154 0.0102597 0.00625201 -0.00713371 0.0109009 0.0147483 -0.0153094 0.0185156 -0.000881694 
-0.0117826 -0.000480924 0.00609171 0.0019237 -0.0105002 0.00633217 0.0122636 -0.0121033 -0.0048894 -0.024447 
-0.0258897 -0.0210004 0.00248477 0.0284547 -0.00360693 0.0162713 0.0164316 -0.00969864 -0.0247676 -0.0233248 
0.00240462 -0.0178743 0.00857648 0.0258096 0.00464893 0.0138666 0.0268516 -0.0232447 -0.01042 -0.00328631 
-0.0194774 -0.0137865 -0.00689325 0.00328631 0.0119429 -0.0103399 0.0334242 0.029657 -0.0199584 -0.00561078 
0.015069 0.0173934 -0.0182751 0.017153 -0.016672 -0.0248477 -0.00336647 -0.000961848 -0.00440847 -0.00897725 
0.0335845 0.0116223 0.00112216 0.0294165 0.00272524 -0.0258096 -0.00424816 -0.0383136 -0.0626804 -0.0268516 
0.0220424 0.0107406 0.0351876 0.0492947 0.0230844 0.0145079 -0.017714 0.0154697 -0.0331036 -0.0245271 
0.0134659 -0.00320616 0.00873679 0.0347067 0.0137865 0.00569094 -0.00729402 0.0170728 -0.00657263 -0.0262104 
0.00761463 -0.0100193 -0.0246874 -0.0337448 -0.0444855 -0.0236454 -0.00537032 0.0195576 0.00040077 -0.0165117 
0.0100193 0.0251684 0.0237256 -0.023405 -0.0029657 -0.00280539 -0.0257294 0.0457679 0.000160308 0.00168323 
0.0325425 0.00464893 -0.0128246 -0.000160308 -0.00248477 -0.0292562 -0.0261302 0.0221225 0.002084 0.0237256 
0.0472107 -0.000641232 -0.0199584 -0.00184354 -0.0341456 -0.0333441 -0.0297371 0.022363 -0.00649248 0.0354281 
-0.0419206 0.0343861 0.0217217 -0.0112216 0.0210004 0.00649248 -0.0144277 0.0364701 0.00873679 0.0451267 
-0.0118628 -0.01042 0.0199584 -0.0162713 0.033825 -0.0179545 0.0129048 0.0069734 0.0189163 0.0290959 
-0.0342258 -8.0154e-05 0.0406381 -0.0115422 0.0221225 0.0069734 0.00136262 0.0298173 -0.00440847 0.0141873 
-0.0113017 -0.00569094 0.0176339 -0.0145079 -0.00368708 0.00352678 0.00537032 0.0124239 -0.0222828 0.0194774 
-0.0141873 0.0193171 0.014027 -0.0245271 -0.020279 -0.000961848 -0.0355082 -0.00825586 0.00881694 -0.00585124 
0.00745432 -0.0146682 0.0246874 0.0116223 0.017153 -0.011462 -0.0331838 -0.0200385 -0.0186759 -0.0149086 
0.0211607 0.00200385 -0.0163514 0.02084 -0.00384739 8.0154e-05 -0.0102597 -0.0124239 -0.0216416 0.0478519 
-8.0154e-05 -0.00184354 0.0115422 0.0115422 0.00713371 -0.017714 0.0363899 -0.00336647 0.0295768 0.00176339 
-0.00529017 0.00160308 -0.00224431 -0.0189163 -0.0249279 -0.0146682 0.00521001 0.0048894 0.000160308 0.00825586 
-0.0157903 -0.0103399 -0.00464893 -0.0321418 -0.00865663 -0.0069734 -0.0133056 -0.00336647 -0.00561078 0.0270921 
-0.00352678 0.0127445 0.0227637 -0.0220424 -0.00408785 -0.015069 0.00529017 -0.0121033 0.00040077 0.00472909 
0.014588 -0.0318211 0.0101796 0.0113819 0.0246874 0.014027 0.0090574 -0.020279 -0.0259699 -0.00512986 
-0.0332639 -0.00945817 -0.0225233 0.00392755 -0.0138666 0.00561078 0.0259699 0.0263707 0.00184354 0.0191568 
0.00248477 -0.0102597 -0.00609171 0.00825586 0.0029657 0.00512986 0.00368708 -0.0059314 0.00160308 -0.0329433 
0.00136262 -0.0134659 0.0289356 0.0161911 -0.00769479 -0.000160308 -0.000881694 0.0182751 0.00392755 -0.0170728 
0.0107406 0.000641232 -0.000961848 0.00977879 0.00953833 -0.00264508 -0.0169125 0.0185957 0.00248477 -0.0117826 
0.0252485 -0.0112216 -0.0343059 0.0462489 0.000961848 -0.00777494 0.0238057 -0.0152293 0.00977879 -0.0129048 
-0.00128246 -0.0437641 -0.00561078 0.00529017 0.0173934 0.0284547 0.0441649 0.0125842 0.019237 -0.0256493 
-0.00368708 0.0048894 -0.0120231 0.00769479 -0.0238859 0.00945817 0.0050497 0.0115422 -0.0235653 -0.00657263 
-0.00777494 -0.0324624 0.000160308 -0.0124239 0.00144277 -0.00737417 -0.0173133 -0.00985894 -0.00585124 -0.00232447 
0.0112216 0.00376724 0.0137063 -0.00472909 0.0271722 0.0117826 0.0158705 -0.0141071 -0.00376724 0.00665278 
0.0128246 0.0019237 -0.0109811 -0.011462 0.01563 -0.0270921 -0.0226836 0.0239661 -0.0324624 0.00881694 
0.00953833 -0.001042 -0.0241264 -0.0121834 -0.0133857 -0.0351876 0.00392755 0.0124239 0.0133056 0.0142674 
0.0288554 0.0134659 -0.019237 0.0201988 0.00288554 -0.00152293 0.00392755 0.00240462 0.0199584 -0.00256493 
0.017153 -0.0105002 -0.0120231 -0.0250882 0.00352678 0.00120231 0.0113819 0.0371113 -0.0167522 -0.0220424 
0.0122636 -0.011462 -0.0109009 0.00793525 0.00577109 0.0105803 -0.00641232 0.0142674 0.00913756 -0.00432832 
-0.0263707 0.0176339 0.000480924 0.0310196 -0.01042 -0.0059314 -0.017153 -0.0302181 0.0048894 -0.053623 
0.00729402 0.0147483 0.00929787 0.056749 0.00753448 -0.00809556 -0.00440847 -0.0268516 0.00160308 -0.0250882 
0.000160308 0.00272524 0.0100193 0.0138666 0.0278134 -0.0185156 -0.00969864 0.00913756 -0.0113017 -0.00168323 
-0.0180347 0.0339853 0.0191568 -0.0182751 0.0176339 -0.0206797 -0.00456878 0.0144277 0.00929787 -0.0264508 
0.0165117 -0.0019237 0.0179545 -0.0200385 -0.0300578 0.0201988 -0.014588 -0.00472909 0.00929787 0.0137063 
0.0176339 -0.00272524 0.0277333 0.00040077 -0.001042 0.0242065 -0.00777494 0.00913756 -0.0116223 -0.0462489 
-0.0500161 -0.0332639 -0.0426419 0.0206797 -0.0242867 0.0545047 0.0232447 0.0518596 0.0659668 -0.00480924 
0.0242867 -0.0151491 0.0110613 0.0131453 -0.00945817 -0.00176339 0.0239661 -0.0116223 0.0397564 -0.0210805 
0.0123437 0.0169927 -0.0340655 0.0139468 -0.0152293 0.0227637 -0.0258897 -0.0485733 -0.0133857 0.0373518 
-0.033825 0.00729402 0.0266913 0.0698943 -0.0302982 -0.0132254 -0.000641232 -0.0186759 -0.0565086 -0.0181148 
0.0278134 0.00232447 0.0529017 0.0581918 0.0361495 0.0254088 0.00785509 -0.0291761 0.0100193 -0.0389549 
-0.0262905 -0.00408785 0.0469703 -0.00440847 -0.0321418 0.00184354 -0.0158705 0.0136262 -0.0050497 -0.0372716 
-0.0238859 0.0365502 -0.00496955 -0.00264508 0.00585124 0.0160308 0.0141873 0.0221225 -0.0169125 0.0143476 
0.0188362 -0.0173934 0.00368708 -0.00985894 0.00256493 0.00825586 -0.00288554 0.00456878 -0.000561078 0.0214011 
0.0243668 -0.00825586 0.00416801 -0.0318211 -0.00537032 -0.0403976 -0.00168323 0.0163514 -0.0314204 -0.0152293 
0.0228439 -0.00288554 0.0507375 0.0283745 0.00112216 -0.00136262 0.0099391 0.00184354 -0.0474512 -0.00320616 
0.0464893 -0.00601155 0.0245271 0.0346265 -0.00641232 -0.0273325 -0.0335845 -0.012985 -0.00737417 -0.0185957 
0.00881694 0.0347067 -0.0222027 0.00288554 -0.0416801 0.0116223 0.0121033 0.0239661 0.0179545 0.019798 
0.0232447 0.0154697 -0.0182751 -0.0144277 0.0197179 -0.00336647 0.0464092 0.0109811 0.0190767 -0.0235653 
-0.0080154 -0.00304585 -0.0484932 -0.00841617 0.0226034 -0.00248477 0.0245271 0.00857648 -0.017714 0.00512986 
-0.00336647 0.0176339 -0.0427221 -0.00545047 0.0214011 -0.0069734 0.00585124 0.0200385 0.0198782 0.00777494 
0.0374319 -0.0303784 0.0387144 -0.0278134 0.00136262 -0.00865663 -0.0298974 0.00945817 -0.0330235 -0.00945817 
0.0540238 -0.0294165 0.00729402 -0.0165117 0.0142674 0.00288554 -0.0408785 0.00336647 -0.0136262 0.0129048 
-0.00865663 0.0365502 0.0236454 0.0242065 0.0147483 0.00969864 -0.039035 -0.00977879 -0.0178743 -0.00561078 
-0.00320616 -0.00825586 0.0214011 -0.00496955 0.0459283 -0.0228439 0.02084 -0.0245271 0.0159506 -0.0638026 
-0.0251684 -0.0337448 -0.0339051 0.0523406 -0.0408785 0.0436038 0.0259699 0.0860854 -0.0121033 0.0245271 
8.0154e-05 0.00360693 -0.0609972 0.00176339 -0.0174736 -0.0145079 0.00649248 0.0168323 -0.0225233 0.000320616 
0.00529017 -0.0050497 0.0200385 0.000881694 -0.0460886 -0.0617186 0.00216416 -0.066608 -0.00248477 -0.0243668 
0.0660469 -0.0136262 0.0483329 0.0214011 -0.0139468 -0.0125842 -0.0445656 -0.0762265 -0.0413595 -0.0120231 
-0.00873679 0.0564284 -0.023405 0.0365502 0.00809556 0.0238859 -0.0413595 -0.00945817 -0.0491344 -0.0240462 
-0.0718982 -0.0378327 0.00144277 -0.00264508 0.0476115 0.0113819 0.0319013 0.0392755 0.0658866 -0.00929787 
-0.00264508 -0.0613178 0.0153094 -0.0591537 0.0305387 -0.00729402 -0.023405 0.0335044 0.046329 0.0212408 
-0.0029657 0.002084 -0.0167522 -0.0375121 -0.0638828 0.002084 -0.0659668 0.0389549 -0.0169927 0.011462 
0.00945817 0.0788716 0.0538635 -0.00689325 -0.00601155 -0.0485733 -0.0459283 -0.0441649 -0.0285348 0.0133056 
-0.00128246 -0.0321418 0.0943413 -0.025489 0.0522604 -0.0452069 0.0270119 -0.0388747 -0.0342258 0.00424816 
-0.029657 0.0242065 0.0379128 0.00144277 0.00633217 0.0589132 0.000160308 0.0241264 0.0125842 0.0331036 
-0.02084 0.022363 -0.027573 0.0218019 -0.0411992 -0.0222027 0.0429626 -0.0245271 0.0430427 -0.00865663 
0.0172331 -0.0477718 -0.0281341 -0.0407984 -0.0440046 -0.00464893 0.0298974 -0.00136262 0.0459283 0.022363 
0.0198782 0.0137063 -0.00977879 -0.0172331 -0.0217217 0.00809556 0.0148285 -0.00160308 0.0120231 0.0295768 
-0.000240462 0.0564284 -0.0146682 0.0335044 -0.00392755 -0.0757455 0.00248477 -0.059314 0.0646843 -0.0113819 
-0.0278134 -0.0131453 0.0392755 -0.0325425 0.0649248 -0.0101796 0.0280539 -0.0306188 -0.0402373 -0.0107406 
-0.0069734 0.0144277 0.0617186 -0.0197179 -0.0124239 0.0274127 -0.0292562 0.00537032 0.0431229 -0.00689325 
-0.0206797 -0.00456878 -0.0120231 0.0103399 -0.0108208 0.0059314 -0.0342258 0.0426419 0.00248477 -0.00929787 
0.0169125 -0.00929787 -0.0617987 0.0322219 0.0430427 -0.00480924 0.053062 0.0241264 0.0627606 -0.0291761 
0.0472909 0.0184354 -0.0521803 -0.0508978 -0.0335044 -0.0482527 -0.0311799 0.00785509 -0.00312601 0.00384739 
0.00224431 0.00721386 -0.0658866 0.039035 -0.0392755 -0.0315807 0.0151491 0.016672 0.0113819 0.0816769 
0.042161 -0.022363 0.0105002 -0.00745432 0.0119429 -0.0877686 0.012985 -0.0695737 0.0200385 -0.00729402 
0.0185957 -0.0238057 0.0592338 0.0199584 -0.00537032 0.00336647 -0.0112216 0.00288554 -0.0250081 0.0122636 
-0.00384739 0.00721386 -0.0351075 0.0141071 -0.00753448 0.0436839 -0.000320616 -0.0415198 0.0117025 -0.0335044 
0.0184354 -0.0301379 -0.0678905 -0.00248477 0.0234851 -0.0210004 0.0181148 0.0169125 0.0584323 -0.0474512 
0.00480924 -0.0673294 -0.0682912 -0.0165117 -0.00512986 0.0117826 -0.0383938 0.0549857 0.0470504 0.0133857 
-0.0287753 0.0363098 -0.0438442 -0.0158705 -0.00216416 -0.0362296 -0.0252485 0.0197179 0.00825586 -0.0377525 
0.002084 -0.0518596 0.000160308 -0.0196377 -0.014588 -0.0561078 -0.0877686 -0.0216416 0.00785509 -0.0325425 
0.0302982 -0.0612377 0.0729402 -0.0142674 -0.0419206 0.0280539 -0.0612377 -0.0416801 -0.0149086 0.0259699 
-0.0147483 0.0173133 0.0618789 0.0173133 -0.00344662 0.0157903 0.0408785 -0.0161911 0.0204393 0.0269317 
-0.0497756 -0.00529017 -0.0334242 0.0157102 -0.0231645 0.0717378 0.0412793 -0.000320616 0.0633217 -0.0246073 
0.047371 -0.0411992 0.0489741 0.0105803 -0.0155499 0.00496955 0.0938604 -0.0303784 -0.0363098 0.0219622 
0.00649248 -0.016672 -0.0238057 0.0447259 -0.0195576 -0.00665278 -0.0137063 -0.024447 -0.016111 0.0427221 
-0.0257294 0.0149888 0.00232447 0.0118628 -0.0287753 0.0220424 0.0484932 -0.0621194 -0.0173133 -0.0553864 
0.0335044 -0.018195 0.0966657 -0.00953833 0.0105803 0.0249279 -0.0259699 -0.0395961 0.0119429 -0.00921771 
-0.000721386 -0.0019237 0.0488138 -0.015069 -0.0306188 0.00929787 -0.00945817 0.0249279 -1 
]

****************************************************************************************************

